398
324.0
324.0
324.0
297.0
292.0
283.0
270.0
258.0
243.0
194.0
176.0
176.0
170.0
156.0
136.0
131.0
124.0
114.0
104.0
98.0
90.0
88
82
80
82
85.0
90.0
98.0
108.0
118.0
131.0
146.0
159.0
172.0
178.0
186.0
199.0
224.0
239.0
261.0
280.0
291.0
304.0
308.0
320.0
342.0
358.0
371.0
371.0
376.0
388.0
414.0
434.0
437.0
450.0
478.0
480.0
506.0
520.0
532.0
547.0
560.0
575.0
588.0
602.0
615.0
628.0
642.0
654.0
668.0
678.0
678.0
684.0
704.0
738.0
751.0
763.0
774.0
792.0
803.0
818.0
831.0
851.0
872.0
886.0
897.0
910.0
922.0
934.0
944.0
954.0
960.0
966.0
972
974
976
972.0
968.0
958.0
945.0
932.0
918.0
904.0
888.0
886.0
866.0
860.0
839.0
827.0
816.0
810.0
810.0
800.0
792.0
784.0
780.0
771.0
764
754.0
752
746
740.0
734.0
726.0
716.0
708.0
702.0
696.0
696.0
688.0
678.0
666.0
655.0
641.0
628.0
614.0
600.0
589.0
589.0
589.0
589.0
596.0
614.0
634.0
646.0
661.0
676.0
684.0
701.0
714.0
733.0
753.0
768.0
778.0
778.0
778.0
778.0
768.0
756.0
748.0
748.0
748.0
748.0
756.0
760.0
796.0
796.0
806.0
816.0
832.0
840.0
843.0
856.0
865.0
865.0
865.0
865.0
856.0
843.0
840.0
840.0
840.0
840.0
858.0
880.0
887.0
896.0
898.0
898
908
908
908
908
907
908
908
910
900
898
898
896
896
896
896
895
894
892
908
898
900
910
912
914
916
924
924.0
926
932.0
932.0
945.0
946.0
961.0
961.0
961.0
960.0
960.0
960.0
950.0
950.0
950.0
964.0
995.0
1002.0
1006.0
1009
1010
1010
1011
1012
1012
1012
1007
1003
1004
1000
998
997
996
998.0
1006.0
1011.0
1027.0
1035.0
1042.0
1047
1050
1054
1056
1058
1066
1062
1062
1066.0
1067.0
1070.0
1084.0
1112.0
1116.0
1122.0
1124
1124
1132
1140
1140
1140
1142
1150
1144
1144
1140
1134
1130
1130.0
1124
1123
1116.0
1110.0
1104.0
1096.0
1080.0
1078.0
1074.0
1070
1068
1066
1063
1066.0
1066.0
1078.0
1095.0
1108.0
1122.0
1122.0
1122.0
1122.0
976.0
908.0
846.0
192
192
192
192
