372
366
372.0
380
372
380
380
376.0
376.0
374.0
360.0
352.0
352.0
350.0
344.0
320.0
318.0
316.0
310.0
299.0
276.0
272.0
248.0
248.0
235.0
222.0
209.0
197.0
187.0
176.0
170.0
164.0
160
158
156
154
154
146
156
158
164
168
172
174
168
170
184
187
190
187.0
190.0
192.0
194.0
197.0
198.0
200.0
204
198
208
209
210
212
214
215
216
218
218
220
221
222
223
224
216
216
218
226
227
226
227
227
226
226
225
223
219
216
213
209.0
204.0
196.0
187.0
176.0
166.0
154.0
142.0
127.0
112.0
100.0
90.0
84.0
77.0
74
74
74
78
78.0
84.0
88.0
110.0
122.0
124.0
128.0
128.0
156.0
168.0
176.0
186.0
198.0
202.0
218.0
242.0
251.0
262.0
274.0
274.0
294.0
308.0
334.0
346.0
346.0
356.0
369.0
382.0
394.0
405.0
413.0
413.0
413.0
413.0
407.0
390.0
378.0
368.0
358.0
351.0
350
350
350
346
358
362
364
364
362.0
356.0
344.0
328.0
328.0
328.0
328.0
338.0
370.0
370.0
396.0
400.0
400.0
400
400.0
400.0
391.0
376.0
360.0
351.0
336.0
318.0
318.0
318
318.0
320.0
334.0
334.0
364.0
370.0
384.0
384.0
384.0
384.0
374.0
354.0
320.0
320.0
308.0
294.0
280.0
266.0
258.0
252.0
252.0
252.0
252.0
265.0
268.0
294.0
306.0
324.0
334.0
350.0
360.0
368.0
391.0
391.0
391.0
391.0
378.0
363.0
360.0
350.0
330.0
316.0
316.0
316.0
316.0
318.0
320.0
320.0
320.0
320.0
330.0
320.0
352.0
359.0
359.0
359.0
338.0
318.0
318.0
306.0
294.0
276.0
262.0
256.0
256.0
256.0
256.0
261.0
292.0
313.0
328.0
340.0
351.0
370.0
370.0
370.0
370.0
356.0
338.0
316.0
298.0
298.0
298.0
298.0
315.0
328.0
340.0
340.0
340.0
340.0
324.0
318.0
312.0
302.0
298.0
298.0
298.0
298.0
311.0
323.0
324.0
365.0
381.0
400.0
400.0
417.0
432.0
440.0
470.0
480.0
484.0
492.0
492.0
492.0
492.0
490.0
476.0
462.0
448.0
436.0
422.0
410.0
394.0
386.0
382.0
378
376.0
375.0
374.0
216.0
216.0
216.0
352
352
352
352
